83 56
97 28
63 47
29 84
61 45
73 34
54 78
18 90
22 69
75 33
48 85
67 12
39 98
32 71
19 57
41 66
87 53
94 21
88 35
11 43
55 76
26 91
58 30
79 13
49 70
81 46
52 93
64 27
74 14
68 25
62 17
42 86
23 59
95 31
89 72
37 20
60 83
92 50
15 65
24 38
96 40
77 36
10 44
51 99
16 87
28 61
35 80
14 53
69 76
20 45
88 12
91 29
46 58
17 84
25 92
39 31
73 19
41 56
94 70
37 60
30 64
48 77
54 27
82 34
85 18
33 96
59 43
79 11
32 65
87 22
74 50
68 21
35 71
12 99
75 62
28 55
36 81
52 10
67 94
45 23
91 26
53 14
82 38
20 93
41 61
85 30
13 49
72 66
31 58
48 64
77 25
95 19
50 83
44 37
18 74
29 89
69 97
